%YAML:1.0
---
aruco_bc_nmarkers: 24
aruco_bc_mInfoType: 1
aruco_bc_markers:
  - {id: 0, corners: [ [-0.123, -0.045, 0.000], [-0.087, -0.045, 0.000], [-0.087, -0.081, 0.000], [-0.123, -0.081, 0.000] ]}
  - {id: 1, corners: [ [-0.081, -0.045, 0.000], [-0.045, -0.045, 0.000], [-0.045, -0.081, 0.000], [-0.081, -0.081, 0.000] ]}
  - {id: 2, corners: [ [-0.039, -0.045, 0.000], [-0.003, -0.045, 0.000], [-0.003, -0.081, 0.000], [-0.039, -0.081, 0.000] ]}
  - {id: 3, corners: [ [0.003, -0.045, 0.000], [0.039, -0.045, 0.000], [0.039, -0.081, 0.000], [0.003, -0.081, 0.000] ]}
  - {id: 4, corners: [ [0.045, -0.045, 0.000], [0.081, -0.045, 0.000], [0.081, -0.081, 0.000], [0.045, -0.081, 0.000] ]}
  - {id: 5, corners: [ [0.087, -0.045, 0.000], [0.123, -0.045, 0.000], [0.123, -0.081, 0.000], [0.087, -0.081, 0.000] ]}
  - {id: 6, corners: [ [-0.123, -0.003, 0.000], [-0.087, -0.003, 0.000], [-0.087, -0.039, 0.000], [-0.123, -0.039, 0.000] ]}
  - {id: 7, corners: [ [-0.081, -0.003, 0.000], [-0.045, -0.003, 0.000], [-0.045, -0.039, 0.000], [-0.081, -0.039, 0.000] ]}
  - {id: 8, corners: [ [-0.039, -0.003, 0.000], [-0.003, -0.003, 0.000], [-0.003, -0.039, 0.000], [-0.039, -0.039, 0.000] ]}
  - {id: 9, corners: [ [0.003, -0.003, 0.000], [0.039, -0.003, 0.000], [0.039, -0.039, 0.000], [0.003, -0.039, 0.000] ]}
  - {id: 10, corners: [ [0.045, -0.003, 0.000], [0.081, -0.003, 0.000], [0.081, -0.039, 0.000], [0.045, -0.039, 0.000] ]}
  - {id: 11, corners: [ [0.087, -0.003, 0.000], [0.123, -0.003, 0.000], [0.123, -0.039, 0.000], [0.087, -0.039, 0.000] ]}
  - {id: 40, corners: [ [-0.123, 0.039, 0.000], [-0.087, 0.039, 0.000], [-0.087, 0.003, 0.000], [-0.123, 0.003, 0.000] ]}
  - {id: 41, corners: [ [-0.081, 0.039, 0.000], [-0.045, 0.039, 0.000], [-0.045, 0.003, 0.000], [-0.081, 0.003, 0.000] ]}
  - {id: 42, corners: [ [-0.039, 0.039, 0.000], [-0.003, 0.039, 0.000], [-0.003, 0.003, 0.000], [-0.039, 0.003, 0.000] ]}
  - {id: 43, corners: [ [0.003, 0.039, 0.000], [0.039, 0.039, 0.000], [0.039, 0.003, 0.000], [0.003, 0.003, 0.000] ]}
  - {id: 44, corners: [ [0.045, 0.039, 0.000], [0.081, 0.039, 0.000], [0.081, 0.003, 0.000], [0.045, 0.003, 0.000] ]}
  - {id: 45, corners: [ [0.087, 0.039, 0.000], [0.123, 0.039, 0.000], [0.123, 0.003, 0.000], [0.087, 0.003, 0.000] ]}
  - {id: 46, corners: [ [-0.123, 0.081, 0.000], [-0.087, 0.081, 0.000], [-0.087, 0.045, 0.000], [-0.123, 0.045, 0.000] ]}
  - {id: 47, corners: [ [-0.081, 0.081, 0.000], [-0.045, 0.081, 0.000], [-0.045, 0.045, 0.000], [-0.081, 0.045, 0.000] ]}
  - {id: 48, corners: [ [-0.039, 0.081, 0.000], [-0.003, 0.081, 0.000], [-0.003, 0.045, 0.000], [-0.039, 0.045, 0.000] ]}
  - {id: 49, corners: [ [0.003, 0.081, 0.000], [0.039, 0.081, 0.000], [0.039, 0.045, 0.000], [0.003, 0.045, 0.000] ]}
  - {id: 50, corners: [ [0.045, 0.081, 0.000], [0.081, 0.081, 0.000], [0.081, 0.045, 0.000], [0.045, 0.045, 0.000] ]}
  - {id: 51, corners: [ [0.087, 0.081, 0.000], [0.123, 0.081, 0.000], [0.123, 0.045, 0.000], [0.087, 0.045, 0.000] ]}
