%YAML:1.0
---
aruco_bc_nmarkers: 1
aruco_bc_mInfoType: 1
aruco_bc_markers:
  - {id: 26, corners: [ [-0.035, 0.035, 0.000], [0.035, 0.035, 0.000], [0.035, -0.035, 0.000], [-0.035, -0.035, 0.000] ]}
