%YAML:1.0
---
aruco_bc_nmarkers: 4
aruco_bc_mInfoType: 1
aruco_bc_markers:
  - {id: 100, corners: [ [-0.075, -0.005, 0.000], [-0.005, -0.005, 0.000], [-0.005, -0.075, 0.000], [-0.075, -0.075, 0.000] ]}
  - {id: 101, corners: [ [0.005, -0.005, 0.000], [0.075, -0.005, 0.000], [0.075, -0.075, 0.000], [0.005, -0.075, 0.000] ]}
  - {id: 102, corners: [ [-0.075, 0.075, 0.000], [-0.005, 0.075, 0.000], [-0.005, 0.005, 0.000], [-0.075, 0.005, 0.000] ]}
  - {id: 103, corners: [ [0.005, 0.075, 0.000], [0.075, 0.075, 0.000], [0.075, 0.005, 0.000], [0.005, 0.005, 0.000] ] }
