%YAML:1.0
---
aruco_bc_nmarkers: 4
aruco_bc_mInfoType: 1
aruco_bc_markers:
  - {id: 100, corners: [ [-0.036, -0.002, 0.000], [-0.002, -0.002, 0.000], [-0.002, -0.036, 0.000], [-0.036, -0.036, 0.000] ]}
  - {id: 101, corners: [ [0.002, -0.002, 0.000], [0.036, -0.002, 0.000], [0.036, -0.036, 0.000], [0.002, -0.036, 0.000] ]}
  - {id: 102, corners: [ [-0.036, 0.036, 0.000], [-0.002, 0.036, 0.000], [-0.002, 0.002, 0.000], [-0.036, 0.002, 0.000] ]}
  - {id: 103, corners: [ [0.002, 0.036, 0.000], [0.036, 0.036, 0.000], [0.036, 0.002, 0.000], [0.002, 0.002, 0.000] ] }
