kinematics:
  shoulder:
    x: 0
    y: 0
    z: 0.1624627332606759
    roll: -0
    pitch: 0
    yaw: -5.177237632787018e-08
  upper_arm:
    x: 8.788153815819401e-05
    y: 0
    z: 0
    roll: 1.569681751143315
    pitch: 0
    yaw: -1.352648194785644e-06
  forearm:
    x: -0.4253508875158793
    y: 0
    z: 0
    roll: 0.0001294236600466273
    pitch: 0.001858609261143651
    yaw: -4.979143810580205e-06
  wrist_1:
    x: -0.3920143281595951
    y: -0.0001699948279098181
    z: 0.1341949053284107
    roll: 0.001266774894043083
    pitch: 0.002283680502966099
    yaw: -2.790835998010338e-06
  wrist_2:
    x: 7.722700116607085e-06
    y: -0.09967585911395602
    z: 5.306300334710042e-05
    roll: 1.570263971229506
    pitch: 0
    yaw: 3.819060986690049e-07
  wrist_3:
    x: 2.292172573610794e-05
    y: 0.09946890294491517
    z: 6.961260093541284e-05
    roll: 1.571496169534783
    pitch: 3.141592653589793
    yaw: -3.141592584993698
  hash: calib_9450022024602376313