kinematics:
  shoulder:
    x: 0
    y: 0
    z: 0.162562140016384
    roll: -0
    pitch: 0
    yaw: 1.059019818887286e-07
  upper_arm:
    x: 0.0001547286037767951
    y: 0
    z: 0
    roll: 1.57107250805896
    pitch: 0
    yaw: 3.903724705512494e-06
  forearm:
    x: -0.4254007797241973
    y: 0
    z: 0
    roll: 3.141491900534354
    pitch: 3.139174779924852
    yaw: 3.141584207915057
  wrist_1:
    x: -0.3921670303947003
    y: -0.0003240755197429875
    z: 0.1343741392746988
    roll: 0.002411735570303671
    pitch: 0.0008031027282546156
    yaw: 4.878289526670351e-06
  wrist_2:
    x: -4.98866785623302e-05
    y: -0.09969492467843541
    z: 2.875493261443601e-05
    roll: 1.570507897550281
    pitch: 0
    yaw: -1.232576915498329e-07
  wrist_3:
    x: 2.96236030674356e-05
    y: 0.09962093212121005
    z: 3.771300233813919e-05
    roll: 1.571174891818668
    pitch: 3.141592653589793
    yaw: -3.141592566216859
  hash: calib_13718481159425793341