kinematics:
  shoulder:
    x: 0
    y: 0
    z: 0.08924168056469363
    roll: -0
    pitch: 0
    yaw: -2.75668006039472e-05
  upper_arm:
    x: 0.0001645799251973363
    y: 0
    z: 0
    roll: 1.57054481669371
    pitch: 0
    yaw: -6.623788706198762e-05
  forearm:
    x: -0.4252755048201592
    y: 0
    z: 0
    roll: 0.0003423088027263948
    pitch: 0.0002857479617645763
    yaw: 3.414055500750186e-05
  wrist_1:
    x: -0.3923086236508911
    y: -0.000262984796714865
    z: 0.110506466693328
    roll: 0.002379809147040883
    pitch: 0.0009662899427297378
    yaw: 5.370377626290774e-05
  wrist_2:
    x: -0.0001959836705859589
    y: -0.09485774279082278
    z: 9.079387954967106e-05
    roll: 1.569839168748
    pitch: 0
    yaw: -5.158784565465956e-05
  wrist_3:
    x: 0.0003143691139342085
    y: 0.08235110574149662
    z: 8.461225407337723e-05
    roll: 1.571823783846473
    pitch: 3.141592653589793
    yaw: 3.141567053242996
  hash: calib_10175380865377889872